16.432500 2.389000
25.887800 16.263300
23.811200 14.785700
17.957900 2.640300
17.831000 2.487700
16.768700 2.634200
18.100700 2.789100
31.297400 18.029000
29.254000 18.101100
53.365500 33.304500
51.670900 32.723700
30.718800 16.426700
27.286700 15.943900
52.414900 32.413800
51.525100 32.928900
29.889200 16.795000
27.956700 15.865500
380.968700 368.345600
739.701700 722.237200
464.663800 453.973500
101.190300 87.107700
109.185900 94.835500
120.492700 107.140600
21.189600 4.050700
32.576900 19.269300
28.925100 15.948300
525.424200 514.021300
16.720800 2.783600
60.354200 31.633500
55.620400 37.376000
36.657000 17.185500
26.795200 15.847400
26.294600 15.212700
51.610600 34.414500
51.633800 33.000300
54.296500 34.272400
729.249800 711.989700
729.938000 712.318800
744.557900 727.031000
358.256700 348.330300
351.814500 342.032200
375.388200 365.845900
381.813900 370.344900
745.407300 727.858000
790.846100 772.484500
360.651900 351.143500
352.332800 342.882700
27.226700 16.497100
26.047700 15.910200
55.581700 35.417800
60.098300 38.481700
57.162400 34.205900
82.194000 51.381300
94.713000 61.969300
76.000600 46.083400
85.802900 49.792800
85.542000 52.282100
66.015000 38.561700
66.601600 41.595400
77.515000 47.140700
63.998800 40.718200
42.650100 27.998100
78.270600 29.204100
50.654600 30.007200
47.385300 31.343900
47.866300 31.394400
46.080000 30.032900
45.940100 30.322700
27.299900 16.215900
26.251800 15.988300
25.340200 15.398300
22.699700 13.995600
23.980700 14.329500
293.438200 284.040600
325.140800 315.398500
25.777600 9.217900
24.038200 9.175200
24.750700 10.200100
26.866600 10.323600
24.163800 8.723000
26.367200 11.377000
27.149700 11.079600
25.363600 9.542300
26.520700 11.218900
25.138800 9.664100
61.913200 50.062900
38.546700 28.627200
39.168700 28.891900
39.321200 28.796700
41.677600 30.917700
42.693000 33.036000
28.874900 12.378100
44.097100 27.547500
55.410400 45.514600
57.441500 48.106400
42.935200 33.623200
45.176700 35.253200
23.861500 9.721200
26.745900 10.757300
71.486100 42.924900
62.854800 34.751300
66.286000 38.529300
63.436000 34.991800
51.254600 40.733400
46.360800 34.159000
24.519800 10.848800
24.327600 9.945400
52.583200 35.922300
57.099800 43.365200
47.783600 34.101200
26.209000 13.108100
38.830800 24.883600
29.219300 14.869100
28.092500 13.288600
25.080200 15.290400
26.712600 15.498800
120.371700 104.346900
128.965400 111.978100
65.934600 49.849600
65.780900 50.329700
64.869700 49.570600
64.143000 48.584000
69.371400 53.880200
72.348300 57.226500
73.153300 57.623100
69.436700 54.488900
73.827500 59.315100
78.021900 61.721300
78.528300 63.006300
78.318200 62.678300
77.147500 61.868800
76.180500 61.722900
84.507000 69.179100
81.602000 66.257900
79.834600 64.568500
82.666900 66.906200
84.577300 68.966700
83.331900 68.518400
85.793800 70.425900
51.718800 42.321600
50.078100 41.112100
26.190900 11.641200
23.799500 9.816400
23.548600 9.230200
40.754800 31.179400
41.287700 31.379000
24.512400 9.521500
62.605900 35.861600
64.798000 39.026600
73.290000 44.736500
48.919900 39.192500
50.886700 40.167000
46.484400 36.904900
49.223000 39.961300
25.841700 11.940400
39.831000 26.027000
27.150300 12.513500
59.346000 50.227200
58.056300 48.692500
59.231700 49.952000
56.686300 47.099100
68.545500 59.323900
70.241900 60.446000
53.828900 43.951500
52.583300 43.424800
51.653900 41.450700
48.257500 39.057300
62.623500 35.853700
63.824600 36.612300
24.180000 9.886300
24.737200 9.279900
51.024200 41.264600
48.172400 38.965500
34.354600 24.416100
35.968400 26.656600
40.910500 29.995300
40.646900 30.371500
38.872500 29.260400
43.533200 33.691700
41.845600 32.296600
42.202500 32.229300
24.742800 9.850500
23.072900 8.563900
65.708200 37.025500
62.357300 34.979700
49.012000 39.654800
49.703100 39.827100
49.535200 40.358500
52.329900 41.527800
49.289400 40.330700
56.147300 46.280900
50.491600 41.156100
25.054100 10.843100
25.228300 11.089300
57.310100 47.917500
55.148100 45.816000
57.278700 46.602500
62.711500 52.798700
60.228400 51.015400
60.538200 49.822500
68.434800 58.778400
62.651900 53.136300
67.316400 57.969800
67.707300 57.883100
79.456900 69.943700
28.335000 13.322700
33.901500 19.682300
57.192800 48.008700
61.883700 52.268400
74.803800 65.536300
53.444500 43.515700
52.412800 42.503600
49.066600 39.165600
50.348100 40.712400
61.743000 34.972200
67.184700 39.947900
24.074200 10.080100
24.447700 9.490600
38.988600 29.580900
24.409000 9.620400
25.029900 9.895700
44.174100 28.664100
52.409600 35.894300
31.928100 15.663800
29.336900 15.217100
28.748300 14.709200
97.983200 70.333600
31.586200 17.569200
47.514600 26.844300
55.479700 31.295600
38.482400 19.759300
39.157800 21.399900
38.490000 22.496200
42.776900 25.091300
45.468300 26.071500
33.821900 19.550400
38.168200 22.296600
38.948100 23.998000
66.085100 42.792800
89.837800 68.562000
103.435400 82.020800
100.596800 79.229500
111.269600 88.793800
116.394800 96.819400
109.992700 89.396800
117.502300 96.654800
119.229600 98.828000
104.583900 82.754100
115.461800 93.436600
119.359800 99.334600
122.958200 101.571300
130.599800 110.257700
135.880500 116.146200
128.394100 109.870700
135.135600 114.563800
169.716200 146.528000
129.702200 108.794100
144.597300 123.903200
134.150300 113.693200
151.598200 130.041700
156.530800 136.382100
175.020500 154.953600
165.819100 144.191300
183.303300 163.128700
164.117700 144.615200
160.633000 140.408100
156.621000 137.206600
177.336100 156.947700
154.207900 134.642800
155.977400 136.583300
159.896000 141.253200
191.442300 169.343200
184.336700 164.550400
191.750400 172.186400
40.078100 21.537800
36.403900 15.872400
35.304000 13.294300
34.254500 15.134900
139.489500 119.082200
113.782500 91.874900
116.664200 97.915500
37.225700 16.361100
